   262.3688  1.501e+08  66.00 DyI           0.000   8.0    38102.920   9.0   0.00  0.00  0.00 MC   
   264.2163  4.161e+07  66.00 DyI           0.000   8.0    37836.500   9.0   0.00  0.00  0.00 MC   
   266.7931  4.802e+07  66.00 DyI           0.000   8.0    37471.090   7.0   0.00  0.00  0.00 MC   
   286.2694  7.002e+06  66.00 DyI           0.000   8.0    34921.870   7.0   0.00  0.00  0.00 GKO  
   288.5528  8.210e+07  66.00 DyI        4134.230   7.0    38779.770   7.0   0.00  0.00  0.00 MC   
   296.4600  7.137e+06  66.00 DyI           0.000   8.0    33721.520   8.0   0.00  0.00  0.00 GKO  
   299.6833  1.783e+06  66.00 DyI           0.000   8.0    33358.830   8.0   0.00  0.00  0.00 GKO  
   300.1090  2.266e+06  66.00 DyI           0.000   8.0    33311.520   7.0   0.00  0.00  0.00 GKO  
   301.4279  1.542e+06  66.00 DyI           0.000   8.0    33165.770   8.0   0.00  0.00  0.00 GKO  
   312.9305  6.122e+05  66.00 DyI           0.000   8.0    31946.720   7.0   0.00  0.00  0.00 GKO  
   313.3815  1.216e+06  66.00 DyI           0.000   8.0    31900.740   9.0   0.00  0.00  0.00 GKO  
   313.6010  2.153e+06  66.00 DyI           0.000   8.0    31878.420   7.0   0.00  0.00  0.00 GKO  
   314.7690  7.717e+06  66.00 DyI        4134.230   7.0    35894.360   8.0   0.00  0.00  0.00 GKO  
   315.3828  5.372e+05  66.00 DyI           0.000   8.0    31698.320   7.0   0.00  0.00  0.00 GKO  
   316.8956  2.391e+06  66.00 DyI           0.000   8.0    31547.010   8.0   0.00  0.00  0.00 GKO  
   326.3185  1.083e+07  66.00 DyI        4134.230   7.0    34770.300   6.0   0.00  0.00  0.00 GKO  
   327.2961  3.746e+05  66.00 DyI           0.000   8.0    30544.570   8.0   0.00  0.00  0.00 GKO  
   340.2007  9.246e+07  66.00 DyI        9990.950   9.0    39376.930   8.0   0.00  0.00  0.00 MC   
   342.0794  1.394e+07  66.00 DyI        4134.230   7.0    33358.830   8.0   0.00  0.00  0.00 MC   
   351.1015  2.307e+07  66.00 DyI        4134.230   7.0    32607.880   6.0   0.00  0.00  0.00 GKO  
   354.7963  5.290e+05  66.00 DyI           0.000   8.0    28177.140   8.0   0.00  0.00  0.00 GKO  
   357.1438  1.446e+07  66.00 DyI        4134.230   7.0    32126.160   6.0   0.00  0.00  0.00 GKO  
   357.1438  9.577e+05  66.00 DyI        4134.230   7.0    32126.160   6.0   0.00  0.00  0.00 GKO  
   358.9456  6.214e+05  66.00 DyI           0.000   8.0    27851.430   8.0   0.00  0.00  0.00 GKO  
   359.4556  6.326e+07  66.00 DyI        7565.600   8.0    35377.510   8.0   0.00  0.00  0.00 MC   
   359.7283  2.530e+08  66.00 DyI       12892.760  10.0    40683.590   9.0   0.00  0.00  0.00 MC   
   361.1226  3.070e+07  66.00 DyI        7565.600   8.0    35249.130   8.0   0.00  0.00  0.00 MC   
   364.6894  1.583e+07  66.00 DyI        4134.230   7.0    31547.010   8.0   0.00  0.00  0.00 MC   
   365.5613  4.187e+07  66.00 DyI        8519.200   7.0    35866.600   7.0   0.00  0.00  0.00 MC   
   366.6836  9.006e+07  66.00 DyI        7565.600   8.0    34829.300   9.0   0.00  0.00  0.00 MC   
   367.4457  2.168e+07  66.00 DyI        4134.230   7.0    31341.390   8.0   0.00  0.00  0.00 MC   
   367.8502  1.784e+08  66.00 DyI        7565.600   8.0    34742.840   7.0   0.00  0.00  0.00 MC   
   368.5778  2.825e+08  66.00 DyI        7565.600   8.0    34689.190   9.0   0.00  0.00  0.00 MC   
   369.3871  1.383e+08  66.00 DyI       11673.490   6.0    38737.660   7.0   0.00  0.00  0.00 MC   
   372.0832  6.254e+05  66.00 DyI           0.000   8.0    26868.070   8.0   0.00  0.00  0.00 GKO  
   372.5928  3.808e+07  66.00 DyI        9990.950   9.0    36822.270   9.0   0.00  0.00  0.00 MC   
   372.7996  1.341e+08  66.00 DyI        9990.950   9.0    36807.390   8.0   0.00  0.00  0.00 MC   
   373.9342  6.864e+08  66.00 DyI       12892.760  10.0    39627.830  11.0   0.00  0.00  0.00 MC   
   375.7051  2.298e+08  66.00 DyI        7565.600   8.0    34174.660   9.0   0.00  0.00  0.00 MC   
   376.7628  1.763e+08  66.00 DyI        8519.200   7.0    35053.560   8.0   0.00  0.00  0.00 MC   
   377.1104  2.977e+08  66.00 DyI       13495.920   9.0    40005.820  10.0   0.00  0.00  0.00 MC   
   377.1345  7.885e+07  66.00 DyI       12007.100   8.0    38515.310   7.0   0.00  0.00  0.00 MC   
   377.2638  5.350e+07  66.00 DyI        9990.950   9.0    36490.070  10.0   0.00  0.00  0.00 MC   
   377.3047  2.365e+08  66.00 DyI        9990.950   9.0    36487.200   9.0   0.00  0.00  0.00 MC   
   377.4714  1.140e+08  66.00 DyI        8519.200   7.0    35003.750   7.0   0.00  0.00  0.00 MC   
   377.7430  3.098e+08  66.00 DyI       14367.800   7.0    40833.310   8.0   0.00  0.00  0.00 MC   
   378.0308  7.758e+07  66.00 DyI       12007.100   8.0    38452.460   7.0   0.00  0.00  0.00 MC   
   378.0941  8.208e+07  66.00 DyI       12655.130   7.0    39096.060   8.0   0.00  0.00  0.00 MC   
   378.1468  2.703e+08  66.00 DyI       12007.100   8.0    38444.350   9.0   0.00  0.00  0.00 MC   
   378.3938  7.078e+07  66.00 DyI       10088.800   6.0    36508.790   7.0   0.00  0.00  0.00 MC   
   378.6826  1.163e+08  66.00 DyI       13495.920   9.0    39895.760   9.0   0.00  0.00  0.00 MC   
   380.4347  7.423e+07  66.00 DyI       12007.100   8.0    38285.360   9.0   0.00  0.00  0.00 MC   
   380.9819  4.656e+07  66.00 DyI        7565.600   8.0    33806.120   7.0   0.00  0.00  0.00 MC   
   381.2271  1.360e+08  66.00 DyI        8519.200   7.0    34742.840   7.0   0.00  0.00  0.00 MC   
   381.6211  2.123e+08  66.00 DyI       13495.920   9.0    39692.490   9.0   0.00  0.00  0.00 MC   
   381.7531  3.672e+07  66.00 DyI        7565.600   8.0    33753.110   8.0   0.00  0.00  0.00 MC   
   382.1465  3.122e+07  66.00 DyI        8519.200   7.0    34679.750   6.0   0.00  0.00  0.00 MC   
   382.1874  2.760e+07  66.00 DyI        8519.200   7.0    34676.950   8.0   0.00  0.00  0.00 MC   
   382.4017  7.246e+07  66.00 DyI       12892.760  10.0    39035.850   9.0   0.00  0.00  0.00 MC   
   384.0890  5.308e+08  66.00 DyI       14367.800   7.0    40396.050   7.0   0.00  0.00  0.00 MC   
   384.4362  1.627e+08  66.00 DyI       10088.800   6.0    36093.540   6.0   0.00  0.00  0.00 MC   
   384.7018  8.761e+07  66.00 DyI        7565.600   8.0    33552.390   7.0   0.00  0.00  0.00 MC   
   385.8402  8.590e+07  66.00 DyI        7565.600   8.0    33475.720   7.0   0.00  0.00  0.00 MC   
   386.8803  2.840e+08  66.00 DyI        7565.600   8.0    33406.060   8.0   0.00  0.00  0.00 MC   
   389.2898  4.785e+07  66.00 DyI        7565.600   8.0    33246.130   8.0   0.00  0.00  0.00 MC   
   389.4526  4.770e+07  66.00 DyI       12007.100   8.0    37676.890   8.0   0.00  0.00  0.00 MC   
   390.1381  8.030e+07  66.00 DyI       13495.920   9.0    39120.610   9.0   0.00  0.00  0.00 MC   
   390.3326  2.118e+07  66.00 DyI        8519.200   7.0    34131.120   7.0   0.00  0.00  0.00 MC   
   390.5942  1.824e+08  66.00 DyI       14153.490   5.0    39748.260   5.0   0.00  0.00  0.00 MC   
   391.2543  7.947e+07  66.00 DyI       12892.760  10.0    38444.350   9.0   0.00  0.00  0.00 MC   
   391.3619  2.622e+07  66.00 DyI        7565.600   8.0    33110.160   7.0   0.00  0.00  0.00 MC   
   391.7285  7.928e+07  66.00 DyI        7565.600   8.0    33086.260   9.0   0.00  0.00  0.00 MC   
   391.7378  3.072e+08  66.00 DyI       12007.100   8.0    37527.150   8.0   0.00  0.00  0.00 MC   
   391.9117  2.700e+08  66.00 DyI       15862.640   6.0    41371.370   7.0   0.00  0.00  0.00 MC   
   392.7858  2.829e+08  66.00 DyI       11673.490   6.0    37125.450   6.0   0.00  0.00  0.00 MC   
   393.0145  3.183e+08  66.00 DyI       12892.760  10.0    38329.910  10.0   0.00  0.00  0.00 MC   
   393.6695  1.072e+08  66.00 DyI        9990.950   9.0    35385.780  10.0   0.00  0.00  0.00 MC   
   393.7162  3.816e+07  66.00 DyI        8519.200   7.0    33911.020   6.0   0.00  0.00  0.00 MC   
   393.8202  1.391e+08  66.00 DyI       11673.490   6.0    37058.600   6.0   0.00  0.00  0.00 MC   
   395.3190  5.235e+07  66.00 DyI       12007.100   8.0    37295.970   7.0   0.00  0.00  0.00 MC   
   396.2587  1.005e+08  66.00 DyI        9990.950   9.0    35219.850   9.0   0.00  0.00  0.00 MC   
   396.3165  2.040e+08  66.00 DyI       14153.490   5.0    39378.710   4.0   0.00  0.00  0.00 MC   
   396.6351  6.638e+07  66.00 DyI       12007.100   8.0    37212.060   7.0   0.00  0.00  0.00 MC   
   396.7508  4.346e+07  66.00 DyI        7565.600   8.0    32763.210   9.0   0.00  0.00  0.00 MC   
   397.1210  1.418e+08  66.00 DyI       12298.560   5.0    37472.680   5.0   0.00  0.00  0.00 MC   
   397.3870  2.725e+07  66.00 DyI        7565.600   8.0    32722.870   7.0   0.00  0.00  0.00 MC   
   398.1364  1.634e+07  66.00 DyI        7565.600   8.0    32675.520   8.0   0.00  0.00  0.00 MC   
   398.8879  1.749e+07  66.00 DyI        9990.950   9.0    35053.560   8.0   0.00  0.00  0.00 MC   
   399.3567  3.682e+07  66.00 DyI        8519.200   7.0    33552.390   7.0   0.00  0.00  0.00 MC   
   399.4531  5.332e+06  66.00 DyI        4134.230   7.0    29161.380   7.0   0.00  0.00  0.00 MC   
   399.6917  5.012e+05  66.00 DyI           0.000   8.0    25012.210   8.0   0.00  0.00  0.00 GKO  
   399.8937  2.948e+05  66.00 DyI           0.000   8.0    24999.580   8.0   0.00  0.00  0.00 GKO  
   400.5836  8.921e+07  66.00 DyI        8519.200   7.0    33475.720   7.0   0.00  0.00  0.00 MC   
   400.6064  7.843e+07  66.00 DyI        8519.200   7.0    33474.300   6.0   0.00  0.00  0.00 MC   
   401.3824  3.189e+06  66.00 DyI           0.000   8.0    24906.860   7.0   0.00  0.00  0.00 GKO  
   402.3712  5.855e+07  66.00 DyI        7565.600   8.0    32411.250   7.0   0.00  0.00  0.00 MC   
   402.4895  6.175e+07  66.00 DyI        9990.950   9.0    34829.300   9.0   0.00  0.00  0.00 MC   
   402.8408  8.082e+07  66.00 DyI        7565.600   8.0    32382.290   7.0   0.00  0.00  0.00 MC   
   403.1072  4.108e+07  66.00 DyI       12007.100   8.0    36807.390   8.0   0.00  0.00  0.00 MC   
   403.2836  1.049e+08  66.00 DyI       13495.920   9.0    38285.360   9.0   0.00  0.00  0.00 MC   
   403.8825  8.165e+07  66.00 DyI       10088.800   6.0    34841.480   5.0   0.00  0.00  0.00 MC   
   404.5972  1.662e+08  66.00 DyI           0.000   8.0    24708.960   7.0   0.00  0.00  0.00 GKO  
   404.7728  2.031e+07  66.00 DyI        9990.950   9.0    34689.190   9.0   0.00  0.00  0.00 MC   
   404.8926  5.745e+07  66.00 DyI        8519.200   7.0    33210.130   6.0   0.00  0.00  0.00 MC   
   404.9363  8.091e+06  66.00 DyI        4134.230   7.0    28822.500   7.0   0.00  0.00  0.00 MC   
   405.3836  1.267e+07  66.00 DyI        4134.230   7.0    28795.260   8.0   0.00  0.00  0.00 MC   
   408.3102  3.424e+07  66.00 DyI       10088.800   6.0    34573.070   5.0   0.00  0.00  0.00 MC   
   408.5129  3.237e+07  66.00 DyI        7050.610   6.0    31522.730   5.0   0.00  0.00  0.00 MC   
   408.5331  5.337e+07  66.00 DyI        7565.600   8.0    32036.510   7.0   0.00  0.00  0.00 MC   
   408.7378  2.878e+07  66.00 DyI       10088.800   6.0    34547.460   6.0   0.00  0.00  0.00 MC   
   408.9499  3.886e+07  66.00 DyI       11673.490   6.0    36119.460   7.0   0.00  0.00  0.00 MC   
   409.3636  1.400e+07  66.00 DyI        8519.200   7.0    32940.470   8.0   0.00  0.00  0.00 MC   
   409.6096  1.612e+08  66.00 DyI       12892.760  10.0    37299.360  11.0   0.00  0.00  0.00 MC   
   409.6622  6.888e+07  66.00 DyI       12655.130   7.0    37058.600   6.0   0.00  0.00  0.00 MC   
   409.9881  3.854e+06  66.00 DyI        4134.230   7.0    28518.300   8.0   0.00  0.00  0.00 GKO  
   410.3875  1.426e+08  66.00 DyI        7050.610   6.0    31410.950   5.0   0.00  0.00  0.00 MC   
   411.3053  9.214e+07  66.00 DyI       10925.250   4.0    35231.230   3.0   0.00  0.00  0.00 MC   
   412.6086  7.312e+07  66.00 DyI       12892.760  10.0    37121.970   9.0   0.00  0.00  0.00 MC   
   412.9118  2.625e+08  66.00 DyI       10925.250   4.0    35136.670   3.0   0.00  0.00  0.00 MC   
   413.0351  1.838e+06  66.00 DyI           0.000   8.0    24204.190   8.0   0.00  0.00  0.00 GKO  
   413.3849  8.230e+07  66.00 DyI        9990.950   9.0    34174.660   9.0   0.00  0.00  0.00 MC   
   413.4145  1.862e+08  66.00 DyI       10925.250   4.0    35107.230   3.0   0.00  0.00  0.00 MC   
   413.4709  1.164e+07  66.00 DyI        7050.610   6.0    31229.290   7.0   0.00  0.00  0.00 MC   
   413.8536  2.316e+07  66.00 DyI        8519.200   7.0    32675.520   8.0   0.00  0.00  0.00 MC   
   413.9559  1.891e+07  66.00 DyI        7050.610   6.0    31200.960   5.0   0.00  0.00  0.00 MC   
   414.6061  3.478e+08  66.00 DyI        9211.580   5.0    33324.060   4.0   0.00  0.00  0.00 MC   
   415.9312  1.800e+07  66.00 DyI        8519.200   7.0    32554.860   8.0   0.00  0.00  0.00 MC   
   416.7974  2.124e+08  66.00 DyI        4134.230   7.0    28119.940   6.0   0.00  0.00  0.00 GKO  
   418.1368  5.889e+06  66.00 DyI        8519.200   7.0    32428.080  10.0   0.00  0.00  0.00 MC   
   418.3601  3.710e+07  66.00 DyI        7050.610   6.0    30946.730   5.0   0.00  0.00  0.00 MC   
   418.3718  3.920e+07  66.00 DyI        4134.230   7.0    28029.680   8.0   0.00  0.00  0.00 MC   
   418.6819  1.103e+08  66.00 DyI           0.000   8.0    23877.750   8.0   0.00  0.00  0.00 GKO  
   419.0939  4.697e+07  66.00 DyI        7050.610   6.0    30904.890   5.0   0.00  0.00  0.00 MC   
   419.1644  6.442e+07  66.00 DyI        4134.230   7.0    27984.500   7.0   0.00  0.00  0.00 GKO  
   419.4845  7.568e+07  66.00 DyI           0.000   8.0    23832.070   8.0   0.00  0.00  0.00 GKO  
   419.8017  2.140e+08  66.00 DyI        9211.580   5.0    33025.640   5.0   0.00  0.00  0.00 MC   
   420.1304  3.588e+08  66.00 DyI       10925.250   4.0    34720.680   4.0   0.00  0.00  0.00 MC   
   420.2242  8.317e+07  66.00 DyI        7050.610   6.0    30840.730   6.0   0.00  0.00  0.00 MC   
   420.7695  3.125e+07  66.00 DyI        9211.580   5.0    32970.870   6.0   0.00  0.00  0.00 MC   
   421.1717  1.816e+08  66.00 DyI           0.000   8.0    23736.600   9.0   0.00  0.00  0.00 GKO  
   421.3181  2.166e+08  66.00 DyI        7050.610   6.0    30778.960   6.0   0.00  0.00  0.00 MC   
   421.4409  8.085e+06  66.00 DyI        7565.600   8.0    31287.040   9.0   0.00  0.00  0.00 MC   
   421.5160  1.658e+06  66.00 DyI           0.000   8.0    23717.210   9.0   0.00  0.00  0.00 PK   
   421.5162  1.185e+08  66.00 DyI        4134.230   7.0    27851.430   8.0   0.00  0.00  0.00 MC'  
   421.8097  1.424e+08  66.00 DyI        4134.230   7.0    27834.930   7.0   0.00  0.00  0.00 GKO  
   422.1114  1.519e+08  66.00 DyI        4134.230   7.0    27817.990   8.0   0.00  0.00  0.00 GKO  
   422.2210  1.398e+08  66.00 DyI        9211.580   5.0    32889.190   5.0   0.00  0.00  0.00 MC   
   422.5158  2.774e+08  66.00 DyI        7050.610   6.0    30711.700   7.0   0.00  0.00  0.00 MC   
   423.2023  1.468e+08  66.00 DyI        9211.580   5.0    32834.290   6.0   0.00  0.00  0.00 MC   
   423.4834  8.137e+07  66.00 DyI       16288.730   8.0    39895.760   9.0   0.00  0.00  0.00 MC   
   423.9854  1.453e+08  66.00 DyI        9211.580   5.0    32790.660   6.0   0.00  0.00  0.00 MC   
   424.3432  8.697e+06  66.00 DyI        7565.600   8.0    31124.800   7.0   0.00  0.00  0.00 MC   
   424.5910  1.789e+08  66.00 DyI       10925.250   4.0    34470.700   5.0   0.00  0.00  0.00 MC   
   425.7787  1.657e+05  66.00 DyI           0.000   0.0    23479.770   7.0   0.00  0.00  0.00 GKO  
   425.8153  8.363e+06  66.00 DyI        7050.610   6.0    30528.360   7.0   0.00  0.00  0.00 MC   
   426.8269  2.675e+06  66.00 DyI        4134.230   7.0    27556.340   7.0   0.00  0.00  0.00 GKO  
   427.6692  2.765e+07  66.00 DyI        7050.610   6.0    30426.590   6.0   0.00  0.00  0.00 MC   
   429.1955  6.159e+06  66.00 DyI        4134.230   7.0    27427.080   7.0   0.00  0.00  0.00 GKO  
   429.8908  1.415e+07  66.00 DyI        9990.950   9.0    33246.130   8.0   0.00  0.00  0.00 MC   
   431.3932  5.594e+06  66.00 DyI        7565.600   8.0    30739.790   8.0   0.00  0.00  0.00 MC   
   432.6377  7.850e+07  66.00 DyI       15567.380   8.0    38674.910   9.0   0.00  0.00  0.00 MC   
   434.7710  6.168e+07  66.00 DyI       13495.920   9.0    36490.070  10.0   0.00  0.00  0.00 MC   
   436.6722  1.250e+07  66.00 DyI        7565.600   8.0    30459.640   9.0   0.00  0.00  0.00 MC   
   444.4576  4.325e+07  66.00 DyI       12892.760  10.0    35385.780  10.0   0.00  0.00  0.00 MC   
   448.4356  1.048e+07  66.00 DyI       10088.800   6.0    32382.290   7.0   0.00  0.00  0.00 MC   
   451.6949  1.578e+07  66.00 DyI       11673.490   6.0    33806.120   7.0   0.00  0.00  0.00 MC   
   452.7568  2.122e+08  66.00 DyI       19557.830   9.0    41638.550   8.0   0.00  0.00  0.00 MC   
   453.1556  2.946e+05  66.00 DyI           0.000   8.0    22061.290   7.0   0.00  0.00  0.00 GKO  
   455.5223  4.740e+06  66.00 DyI        7565.600   8.0    29512.270   7.0   0.00  0.00  0.00 MC   
   456.5093  8.640e+05  66.00 DyI           0.000   8.0    21899.220   8.0   0.00  0.00  0.00 GKO  
   456.7045  1.780e+07  66.00 DyI       13495.920   9.0    35385.780  10.0   0.00  0.00  0.00 MC   
   457.7776  2.448e+06  66.00 DyI           0.000   8.0    21838.550   9.0   0.00  0.00  0.00 GKO  
   458.9361  1.436e+07  66.00 DyI           0.000   8.0    21783.420   7.0   0.00  0.00  0.00 GKO  
   461.2259  8.871e+06  66.00 DyI           0.000   8.0    21675.280   7.0   0.00  0.00  0.00 GKO  
   461.3830  4.371e+07  66.00 DyI       17514.500   9.0    39182.400  10.0   0.00  0.00  0.00 MC   
   461.4820  4.399e+07  66.00 DyI       17513.330  10.0    39176.580  10.0   0.00  0.00  0.00 MC   
   466.2724  5.996e+07  66.00 DyI       18462.650  10.0    39903.340   9.0   0.00  0.00  0.00 MC   
   477.1942  5.032e+07  66.00 DyI       17613.360   8.0    38563.330   9.0   0.00  0.00  0.00 MC   
   477.5790  5.709e+07  66.00 DyI       15972.350   9.0    36905.440  10.0   0.00  0.00  0.00 MC   
   479.1295  1.948e+06  66.00 DyI        4134.230   7.0    24999.580   8.0   0.00  0.00  0.00 MC   
   480.0641  1.482e+07  66.00 DyI       15567.380   8.0    36392.110   8.0   0.00  0.00  0.00 MC   
   480.7944  3.012e+06  66.00 DyI        7565.600   8.0    28358.700   7.0   0.00  0.00  0.00 MC   
   481.0276  2.840e+07  66.00 DyI       17514.500   9.0    38297.520  10.0   0.00  0.00  0.00 MC   
   481.2800  3.457e+06  66.00 DyI        8519.200   7.0    29291.320   8.0   0.00  0.00  0.00 MC   
   481.9041  3.778e+07  66.00 DyI       15972.350   9.0    36717.570   9.0   0.00  0.00  0.00 MC   
   482.4965  7.846e+07  66.00 DyI       18462.650  10.0    39182.400  10.0   0.00  0.00  0.00 MC   
   483.2374  6.013e+07  66.00 DyI       17514.500   9.0    38202.480   8.0   0.00  0.00  0.00 MC   
   484.1755  7.484e+07  66.00 DyI       18472.710   8.0    39120.610   9.0   0.00  0.00  0.00 MC   
   488.0162  7.924e+05  66.00 DyI           0.000   8.0    20485.400   7.0   0.00  0.00  0.00 GKO  
   488.8080  6.098e+06  66.00 DyI        8519.200   7.0    28971.420   8.0   0.00  0.00  0.00 MC   
   489.3674  2.558e+07  66.00 DyI       16288.730   8.0    36717.570   9.0   0.00  0.00  0.00 MC   
   491.4730  3.023e+05  66.00 DyI           0.000   8.0    20341.320   8.0   0.00  0.00  0.00 GKO  
   491.6407  5.013e+07  66.00 DyI       18021.890   8.0    38356.270   8.0   0.00  0.00  0.00 MC   
   495.9603  2.962e+07  66.00 DyI       19240.820   9.0    39398.100   8.0   0.00  0.00  0.00 MC   
   497.3568  2.465e+07  66.00 DyI       18462.650  10.0    38563.330   9.0   0.00  0.00  0.00 MC   
   500.3867  3.126e+07  66.00 DyI       17727.150   9.0    37706.120  10.0   0.00  0.00  0.00 MC   
   502.2119  1.504e+06  66.00 DyI        4134.230   7.0    24040.590   6.0   0.00  0.00  0.00 MC   
   502.4530  1.174e+06  66.00 DyI        7565.600   8.0    27462.410   7.0   0.00  0.00  0.00 MC   
   502.7878  3.730e+07  66.00 DyI       18472.710   8.0    38356.270   8.0   0.00  0.00  0.00 MC   
   503.3009  4.218e+07  66.00 DyI       17687.900   7.0    37551.190   7.0   0.00  0.00  0.00 MC   
   504.2636  6.065e+06  66.00 DyI        7565.600   8.0    27390.970   9.0   0.00  0.00  0.00 MC   
   504.7241  1.733e+06  66.00 DyI        8519.200   7.0    28326.480   6.0   0.00  0.00  0.00 MC   
   507.0668  6.303e+06  66.00 DyI        9990.950   9.0    29706.720  10.0   0.00  0.00  0.00 MC   
   507.7668  6.210e+05  66.00 DyI           0.000   8.0    19688.590   8.0   0.00  0.00  0.00 GKO  
   511.0324  8.418e+07  66.00 DyI       19557.830   9.0    39120.610   9.0   0.00  0.00  0.00 MC   
   512.0036  6.217e+07  66.00 DyI       17513.330  10.0    37039.000  11.0   0.00  0.00  0.00 MC   
   513.5019  2.004e+06  66.00 DyI        8519.200   7.0    27987.900   6.0   0.00  0.00  0.00 MC   
   516.5332  4.504e+07  66.00 DyI       18339.800   7.0    37694.250   7.0   0.00  0.00  0.00 MC   
   518.5294  9.367e+06  66.00 DyI       12007.100   8.0    31287.040   9.0   0.00  0.00  0.00 MC   
   520.5663  1.943e+07  66.00 DyI       20193.600   8.0    39398.100   8.0   0.00  0.00  0.00 MC   
   523.6256  2.429e+05  66.00 DyI           0.000   8.0    19092.300   8.0   0.00  0.00  0.00 GKO  
   525.9877  5.354e+07  66.00 DyI       19240.820   9.0    38247.380  10.0   0.00  0.00  0.00 MC   
   526.7108  4.501e+06  66.00 DyI        9990.950   9.0    28971.420   8.0   0.00  0.00  0.00 MC   
   528.2071  2.482e+06  66.00 DyI        8519.200   7.0    27445.900   8.0   0.00  0.00  0.00 MC   
   530.1584  1.156e+06  66.00 DyI           0.000   8.0    18857.040   7.0   0.00  0.00  0.00 GKO  
   532.4688  1.881e+06  66.00 DyI        7050.610   6.0    25825.830   6.0   0.00  0.00  0.00 MC   
   535.2100  8.751e+05  66.00 DyI        7565.600   8.0    26244.660   9.0   0.00  0.00  0.00 MC   
   539.5576  2.856e+05  66.00 DyI           0.000   8.0    18528.550   7.0   0.00  0.00  0.00 GKO  
   540.4195  7.771e+05  66.00 DyI        4134.230   7.0    22633.230   6.0   0.00  0.00  0.00 MC   
   541.9150  9.468e+07  66.00 DyI       20884.870   8.0    39332.820   9.0   0.00  0.00  0.00 MC   
   542.0763  7.917e+05  66.00 DyI        9990.950   9.0    28433.410  10.0   0.00  0.00  0.00 MC   
   542.3322  5.398e+05  66.00 DyI           0.000   8.0    18433.760   7.0   0.00  0.00  0.00 GKO  
   542.4275  1.239e+07  66.00 DyI       17514.500   9.0    35945.020  10.0   0.00  0.00  0.00 MC   
   545.1107  6.107e+05  66.00 DyI           0.000   8.0    18339.800   7.0   0.00  0.00  0.00 GKO  
   549.6830  1.786e+07  66.00 DyI       18903.210   8.0    37090.460   9.0   0.00  0.00  0.00 MC   
   550.2788  1.233e+06  66.00 DyI        9990.950   9.0    28158.510   9.0   0.00  0.00  0.00 MC   
   552.8013  3.583e+06  66.00 DyI       12655.130   7.0    30739.790   8.0   0.00  0.00  0.00 MC   
   554.2196  1.048e+07  66.00 DyI       20209.000   9.0    38247.380  10.0   0.00  0.00  0.00 MC   
   554.7267  3.902e+05  66.00 DyI           0.000   8.0    18021.890   8.0   0.00  0.00  0.00 GKO  
   560.5525  2.260e+06  66.00 DyI       12007.100   8.0    29841.690   8.0   0.00  0.00  0.00 MC   
   561.3227  2.297e+07  66.00 DyI       20209.000   9.0    38019.120  10.0   0.00  0.00  0.00 MC   
   562.7487  2.008e+05  66.00 DyI        4134.230   7.0    21899.220   8.0   0.00  0.00  0.00 MC   
   563.9499  6.007e+05  66.00 DyI           0.000   8.0    17727.150   9.0   0.00  0.00  0.00 GKO  
   564.5990  2.126e+07  66.00 DyI       17514.500   9.0    35221.270   9.0   0.00  0.00  0.00 MC   
   565.2014  4.491e+05  66.00 DyI           0.000   8.0    17687.900   7.0   0.00  0.00  0.00 GKO  
   566.6430  8.923e+06  66.00 DyI       20193.600   8.0    37836.500   9.0   0.00  0.00  0.00 MC   
   567.1248  7.840e+06  66.00 DyI       19240.820   9.0    36868.730  10.0   0.00  0.00  0.00 MC   
   567.7690  5.442e+06  66.00 DyI       17613.360   8.0    35221.270   9.0   0.00  0.00  0.00 MC   
   568.5585  8.146e+05  66.00 DyI        7050.610   6.0    24634.070   5.0   0.00  0.00  0.00 MC   
   570.2905  6.029e+05  66.00 DyI        7565.600   8.0    25095.660   8.0   0.00  0.00  0.00 MC   
   571.8462  3.070e+07  66.00 DyI       18462.650  10.0    35945.020  10.0   0.00  0.00  0.00 MC   
   574.0188  7.367e+07  66.00 DyI       22487.140  10.0    39903.340   9.0   0.00  0.00  0.00 MC   
   574.5526  2.379e+06  66.00 DyI        9990.950   9.0    27390.970   9.0   0.00  0.00  0.00 MC   
   575.8788  8.593e+05  66.00 DyI        8519.200   7.0    25879.150   7.0   0.00  0.00  0.00 MC   
   594.5792  5.411e+06  66.00 DyI       12892.760  10.0    29706.720  10.0   0.00  0.00  0.00 MC   
   596.4458  1.696e+06  66.00 DyI        9990.950   9.0    26752.290  10.0   0.00  0.00  0.00 MC   
   597.4488  3.740e+05  66.00 DyI           0.000   8.0    16733.200   8.0   0.00  0.00  0.00 GKO  
   598.4861  1.093e+07  66.00 DyI       19240.820   9.0    35945.020  10.0   0.00  0.00  0.00 MC   
   598.5989  5.131e+05  66.00 DyI        9211.580   5.0    25912.630   5.0   0.00  0.00  0.00 MC   
   598.8564  4.636e+05  66.00 DyI           0.000   8.0    16693.870   7.0   0.00  0.00  0.00 GKO  
   600.0836  8.284e+06  66.00 DyI       20209.000   9.0    36868.730  10.0   0.00  0.00  0.00 MC   
   600.3265  1.203e+06  66.00 DyI       11673.490   6.0    28326.480   6.0   0.00  0.00  0.00 MC   
   600.8941  6.972e+05  66.00 DyI        7050.610   6.0    23687.870   6.0   0.00  0.00  0.00 MC   
   601.0820  1.845e+06  66.00 DyI        4134.230   7.0    20766.290   7.0   0.00  0.00  0.00 GKO  
   601.7263  1.021e+06  66.00 DyI        9211.580   5.0    25825.830   6.0   0.00  0.00  0.00 MC   
   603.0981  6.363e+05  66.00 DyI        8519.200   7.0    25095.660   8.0   0.00  0.00  0.00 MC   
   605.8179  6.395e+05  66.00 DyI        7050.610   6.0    23552.650   5.0   0.00  0.00  0.00 MC   
   608.5054  5.771e+05  66.00 DyI        7050.610   6.0    23479.770   7.0   0.00  0.00  0.00 MC   
   608.8263  2.697e+06  66.00 DyI        4134.230   7.0    20554.730   6.0   0.00  0.00  0.00 GKO  
   612.7148  1.932e+06  66.00 DyI       12655.130   7.0    28971.420   8.0   0.00  0.00  0.00 MC   
   613.3644  1.220e+06  66.00 DyI       10088.800   6.0    26387.810   6.0   0.00  0.00  0.00 MC   
   615.8279  5.115e+05  66.00 DyI        7565.600   8.0    23799.410   7.0   0.00  0.00  0.00 MC   
   616.8432  1.702e+06  66.00 DyI        4134.230   7.0    20341.320   8.0   0.00  0.00  0.00 GKO  
   625.9088  8.225e+05  66.00 DyI           0.000   8.0    15972.350   9.0   0.00  0.00  0.00 GKO  
   626.0354  2.535e+06  66.00 DyI       13495.920   9.0    29465.040   9.0   0.00  0.00  0.00 MC   
   634.3327  1.309e+07  66.00 DyI       22487.140  10.0    38247.380  10.0   0.00  0.00  0.00 MC   
   638.6790  5.923e+05  66.00 DyI        7565.600   8.0    23218.590   9.0   0.00  0.00  0.00 MC   
   642.1913  1.615e+05  66.00 DyI           0.000   8.0    15567.380   8.0   0.00  0.00  0.00 GKO  
   643.6550  1.133e+07  66.00 DyI       22487.140  10.0    38019.120  10.0   0.00  0.00  0.00 MC   
   646.0835  1.702e+05  66.00 DyI        7050.610   6.0    22524.210   5.0   0.00  0.00  0.00 MC   
   647.4903  1.346e+07  66.00 DyI       23736.600   9.0    39176.580  10.0   0.00  0.00  0.00 MC   
   648.6595  4.201e+06  66.00 DyI       15567.380   8.0    30979.530   8.0   0.00  0.00  0.00 MC   
   655.8030  4.045e+05  66.00 DyI        7050.610   6.0    22294.880   5.0   0.00  0.00  0.00 MC     
   657.9368  8.212e+05  66.00 DyI           0.000   8.0    15194.830   7.0   0.00  0.00  0.00 GKO  
   663.9216  1.205e+06  66.00 DyI       16717.790   9.0    31775.650   9.0   0.00  0.00  0.00 MC   
   664.3377  1.800e+05  66.00 DyI        4134.230   7.0    19182.660   6.0   0.00  0.00  0.00 MC'  
   665.8359  1.032e+07  66.00 DyI       19907.510   7.0    34922.080   8.0   0.00  0.00  0.00 MC   
   666.1638  4.470e+06  66.00 DyI       15972.350   9.0    30979.530   8.0   0.00  0.00  0.00 MC   
   666.7858  9.208e+06  66.00 DyI       15567.380   8.0    30560.560   9.0   0.00  0.00  0.00 MC   
   667.0189  5.372e+06  66.00 DyI       20789.850   8.0    35777.790   8.0   0.00  0.00  0.00 MC   
   671.3044  8.400e+05  66.00 DyI       15567.380   8.0    30459.640   9.0   0.00  0.00  0.00 MC   
   672.4704  4.272e+06  66.00 DyI       20554.730   6.0    35421.170   6.0   0.00  0.00  0.00 MC   
   673.6067  3.304e+05  66.00 DyI       12007.100   8.0    26848.460   7.0   0.00  0.00  0.00 MC   
   674.7939  5.963e+06  66.00 DyI       16693.870   7.0    31509.120   7.0   0.00  0.00  0.00 MC   
   675.0213  2.572e+05  66.00 DyI       10088.800   6.0    24899.060   6.0   0.00  0.00  0.00 MC   
   675.7627  5.731e+06  66.00 DyI       20341.320   8.0    35135.330   7.0   0.00  0.00  0.00 MC   
   676.5901  9.271e+06  66.00 DyI       16733.200   8.0    31509.120   7.0   0.00  0.00  0.00 MC   
   678.7376  1.212e+06  66.00 DyI       16693.870   7.0    31423.040   7.0   0.00  0.00  0.00 MC   
   679.0308  6.777e+04  66.00 DyI        4134.230   7.0    18857.040   7.0   0.00  0.00  0.00 MC'  
   679.4230  1.012e+06  66.00 DyI       13952.000   4.0    28666.310   5.0   0.00  0.00  0.00 MC   
   680.5548  1.618e+06  66.00 DyI       16733.200   8.0    31423.040   7.0   0.00  0.00  0.00 MC   
   681.8196  7.652e+05  66.00 DyI       13495.920   9.0    28158.510   9.0   0.00  0.00  0.00 MC   
   682.7071  1.209e+07  66.00 DyI       23479.770   7.0    38123.300   7.0   0.00  0.00  0.00 MC   
   683.5421  4.111e+05  66.00 DyI           0.000   8.0    14625.640   8.0   0.00  0.00  0.00 MC'  
   684.3746  1.223e+07  66.00 DyI       25912.630   5.0    40520.480   6.0   0.00  0.00  0.00 MC   
   684.5756  5.083e+06  66.00 DyI       20817.610   6.0    35421.170   6.0   0.00  0.00  0.00 MC   
   685.1997  6.128e+06  66.00 DyI       23479.770   7.0    38070.030   6.0   0.00  0.00  0.00 MC   
   685.2960  1.008e+07  66.00 DyI       15972.350   9.0    30560.560   9.0   0.00  0.00  0.00 MC   
   685.6461  1.062e+07  66.00 DyI       20341.320   8.0    34922.080   8.0   0.00  0.00  0.00 MC   
   688.6395  6.165e+06  66.00 DyI       23552.650   5.0    38070.030   6.0   0.00  0.00  0.00 MC   
   688.8825  3.725e+05  66.00 DyI        8519.200   7.0    23031.460   8.0   0.00  0.00  0.00 MC   
   689.4526  5.209e+06  66.00 DyI       23479.770   7.0    37980.030   7.0   0.00  0.00  0.00 MC   
   689.5501  2.080e+05  66.00 DyI       12892.760  10.0    27390.970   9.0   0.00  0.00  0.00 MC   
   692.5490  9.548e+06  66.00 DyI       23687.870   6.0    38123.300   7.0   0.00  0.00  0.00 MC   
   692.9551  1.580e+05  66.00 DyI        4134.230   7.0    18561.200   6.0   0.00  0.00  0.00 MC'  
   693.9647  7.393e+06  66.00 DyI       23687.870   6.0    38093.850   5.0   0.00  0.00  0.00 MC   
   694.2105  4.041e+05  66.00 DyI       13495.920   9.0    27896.800   8.0   0.00  0.00  0.00 MC   
   694.5269  3.609e+04  66.00 DyI        4134.230   7.0    18528.550   7.0   0.00  0.00  0.00 MC'  
   695.1417  7.543e+06  66.00 DyI       22487.140  10.0    36868.730  10.0   0.00  0.00  0.00 MC   
   695.8089  8.766e+04  66.00 DyI           0.000   8.0    14367.800   7.0   0.00  0.00  0.00 MC'  
   697.0416  2.624e+05  66.00 DyI       12007.100   8.0    26349.490   8.0   0.00  0.00  0.00 MC   
   698.2426  7.687e+06  66.00 DyI       20817.610   6.0    35135.330   7.0   0.00  0.00  0.00 MC   
   699.1309  1.145e+05  66.00 DyI        4134.230   7.0    18433.760   7.0   0.00  0.00  0.00 MC'  
   699.8097  7.286e+06  66.00 DyI       16693.870   7.0    30979.530   8.0   0.00  0.00  0.00 MC   
   701.7416  3.251e+06  66.00 DyI       16733.200   8.0    30979.530   8.0   0.00  0.00  0.00 MC   
   703.6373  2.137e+05  66.00 DyI       12298.560   5.0    26506.510   5.0   0.00  0.00  0.00 MC   
   703.7552  6.067e+04  66.00 DyI        4134.230   7.0    18339.800   7.0   0.00  0.00  0.00 MC'  
   706.2300  4.472e+06  66.00 DyI       20766.290   7.0    34922.080   8.0   0.00  0.00  0.00 MC   
   712.1234  8.686e+04  66.00 DyI        4134.230   7.0    18172.870   6.0   0.00  0.00  0.00 MC'  
   715.6469  5.361e+06  66.00 DyI       23736.600   9.0    37706.120  10.0   0.00  0.00  0.00 MC   
   719.8653  2.143e+04  66.00 DyI        4134.230   7.0    18021.890   8.0   0.00  0.00  0.00 MC'  
   720.6754  1.344e+05  66.00 DyI       12007.100   8.0    25879.150   7.0   0.00  0.00  0.00 MC   
   721.3264  4.523e+05  66.00 DyI       12892.760  10.0    26752.290  10.0   0.00  0.00  0.00 MC   
   722.2514  7.666e+05  66.00 DyI       17687.900   7.0    31529.680   6.0   0.00  0.00  0.00 MC   
   722.2905  4.499e+04  66.00 DyI        7050.610   6.0    20891.640   5.0   0.00  0.00  0.00 MC   
   723.0046  2.264e+06  66.00 DyI       16733.200   8.0    30560.560   9.0   0.00  0.00  0.00 MC   
   724.9997  2.561e+05  66.00 DyI        9990.950   9.0    23780.260   9.0   0.00  0.00  0.00 MC   
   726.1746  8.747e+04  66.00 DyI        7050.610   6.0    20817.610   6.0   0.00  0.00  0.00 MC   
   727.9894  1.810e+05  66.00 DyI       12655.130   7.0    26387.810   6.0   0.00  0.00  0.00 MC   
   730.0265  1.373e+05  66.00 DyI       12655.130   7.0    26349.490   8.0   0.00  0.00  0.00 MC   
   737.6044  1.511e+05  66.00 DyI        4134.230   7.0    17687.900   7.0   0.00  0.00  0.00 MC'  
   738.1555  1.884e+05  66.00 DyI        9990.950   9.0    23534.500   8.0   0.00  0.00  0.00 MC   
   740.3108  1.064e+05  66.00 DyI        7050.610   6.0    20554.730   6.0   0.00  0.00  0.00 MC   
   740.4013  7.242e+04  66.00 DyI       10088.800   6.0    23591.270   7.0   0.00  0.00  0.00 MC   
   740.7606  1.158e+04  66.00 DyI           0.000   8.0    13495.920   9.0   0.00  0.00  0.00 MC'  
   741.2379  5.419e+06  66.00 DyI       18021.890   8.0    31509.120   7.0   0.00  0.00  0.00 MC   
   742.8545  2.817e+06  66.00 DyI       22487.140  10.0    35945.020  10.0   0.00  0.00  0.00 MC   
   745.9992  6.658e+05  66.00 DyI       18021.890   8.0    31423.040   7.0   0.00  0.00  0.00 MC   
   748.3036  5.556e+06  66.00 DyI       22061.290   7.0    35421.170   6.0   0.00  0.00  0.00 MC   
   750.9596  7.418e+04  66.00 DyI        9211.580   5.0    22524.210   5.0   0.00  0.00  0.00 MC   
   753.3164  5.416e+06  66.00 DyI       23736.600   9.0    37007.580  10.0   0.00  0.00  0.00 MC   
   754.3737  9.600e+06  66.00 DyI       17727.150   9.0    30979.530   8.0   0.00  0.00  0.00 MC   
   755.3010  1.088e+07  66.00 DyI       21899.220   8.0    35135.330   7.0   0.00  0.00  0.00 MC   
   755.7847  8.757e+04  66.00 DyI        9990.950   9.0    23218.590   9.0   0.00  0.00  0.00 MC   
   755.9784  2.663e+05  66.00 DyI        7565.600   8.0    20789.850   8.0   0.00  0.00  0.00 MC   
   758.7767  1.559e+06  66.00 DyI       22045.790   9.0    35221.270   9.0   0.00  0.00  0.00 MC   
   759.1317  6.240e+06  66.00 DyI       18339.800   7.0    31509.120   7.0   0.00  0.00  0.00 MC   
   759.4863  8.490e+06  66.00 DyI       24906.860   7.0    38070.030   6.0   0.00  0.00  0.00 MC   
   760.9182  6.812e+06  66.00 DyI       24931.630   6.0    38070.030   6.0   0.00  0.00  0.00 MC   
   761.1557  1.050e+07  66.00 DyI       22286.870   6.0    35421.170   6.0   0.00  0.00  0.00 MC   
   761.7694  1.649e+07  66.00 DyI       24999.580   8.0    38123.300   7.0   0.00  0.00  0.00 MC   
   763.5328  2.644e+06  66.00 DyI       20817.610   6.0    33911.020   6.0   0.00  0.00  0.00 MC   
   763.9319  4.276e+06  66.00 DyI       23877.750   8.0    36964.320   9.0   0.00  0.00  0.00 MC   
   764.1094  1.884e+07  66.00 DyI       21838.550   9.0    34922.080   8.0   0.00  0.00  0.00 MC   
   764.5868  3.962e+06  66.00 DyI       18433.760   7.0    31509.120   7.0   0.00  0.00  0.00 MC   
   764.6640  8.431e+06  66.00 DyI       22061.290   7.0    35135.330   7.0   0.00  0.00  0.00 MC   
   766.1478  9.709e+04  66.00 DyI        7565.600   8.0    20614.320   7.0   0.00  0.00  0.00 MC   
   766.2353  1.139e+07  66.00 DyI       17513.330  10.0    30560.560   9.0   0.00  0.00  0.00 MC   
   767.6692  4.865e+06  66.00 DyI       21899.220   8.0    34922.080   8.0   0.00  0.00  0.00 MC   
   769.6538  4.307e+05  66.00 DyI       14970.700   6.0    27959.980   7.0   0.00  0.00  0.00 MC   
   771.5331  6.248e+06  66.00 DyI       18021.890   8.0    30979.530   8.0   0.00  0.00  0.00 MC   
   775.0148  2.313e+05  66.00 DyI       10925.250   4.0    23824.680   3.0   0.00  0.00  0.00 MC   
   775.7334  1.384e+05  66.00 DyI        9211.580   5.0    22099.060   4.0   0.00  0.00  0.00 MC   
   776.0098  3.670e+06  66.00 DyI       23877.750   8.0    36760.640   8.0   0.00  0.00  0.00 MC   
   778.0893  2.635e+06  66.00 DyI       22286.870   6.0    35135.330   7.0   0.00  0.00  0.00 MC   
   779.0018  1.146e+06  66.00 DyI       17727.150   9.0    30560.560   9.0   0.00  0.00  0.00 MC   
   781.2066  8.323e+06  66.00 DyI       18711.930   6.0    31509.120   7.0   0.00  0.00  0.00 MC   
   781.4582  4.066e+05  66.00 DyI       15194.830   7.0    27987.900   6.0   0.00  0.00  0.00 MC   
   783.2766  8.407e+04  66.00 DyI        7050.610   6.0    19813.980   5.0   0.00  0.00  0.00 MC   
   786.4970  1.872e+06  66.00 DyI       18711.930   6.0    31423.040   7.0   0.00  0.00  0.00 MC   
   790.9386  4.945e+06  66.00 DyI       18339.800   7.0    30979.530   8.0   0.00  0.00  0.00 MC   
   793.4974  2.737e+04  66.00 DyI        4134.230   7.0    16733.200   8.0   0.00  0.00  0.00 MC'  
   796.2764  3.834e+04  66.00 DyI        8519.200   7.0    21074.200   7.0   0.00  0.00  0.00 MC   
   796.8622  2.031e+06  66.00 DyI       18433.760   7.0    30979.530   8.0   0.00  0.00  0.00 MC   
   797.3135  1.321e+06  66.00 DyI       18021.890   8.0    30560.560   9.0   0.00  0.00  0.00 MC   
   802.5311  6.324e+04  66.00 DyI        4134.230   7.0    16591.380   6.0   0.00  0.00  0.00 MC'  
   802.7212  8.352e+06  66.00 DyI       24708.960   7.0    37163.160   6.0   0.00  0.00  0.00 MC   
   804.0091  3.698e+05  66.00 DyI       14625.640   8.0    27059.890   8.0   0.00  0.00  0.00 MC   
   804.7262  1.332e+05  66.00 DyI       12007.100   8.0    24430.270   7.0   0.00  0.00  0.00 MC   
   805.0840  2.987e+05  66.00 DyI       14367.800   7.0    26785.450   6.0   0.00  0.00  0.00 MC   
   814.7287  1.382e+05  66.00 DyI        8519.200   7.0    20789.850   8.0   0.00  0.00  0.00 MC   
   826.5525  2.329e+05  66.00 DyI        8519.200   7.0    20614.320   7.0   0.00  0.00  0.00 MC   
   832.3837  1.210e+07  66.00 DyI       27190.740   6.0    39201.130   5.0   0.00  0.00  0.00 MC   
   832.6117  1.748e+04  66.00 DyI           0.000   8.0    12007.100   8.0   0.00  0.00  0.00 MC'  
   838.8519  1.369e+05  66.00 DyI       11673.490   6.0    23591.270   7.0   0.00  0.00  0.00 MC   
   849.0135  1.754e+05  66.00 DyI       12655.130   7.0    24430.270   7.0   0.00  0.00  0.00 MC   
   856.7948  7.835e+06  66.00 DyI       24999.580   8.0    36667.780   7.0   0.00  0.00  0.00 MC   
   863.0099  3.096e+05  66.00 DyI       12007.100   8.0    23591.270   7.0   0.00  0.00  0.00 MC   
   867.2601  1.718e+05  66.00 DyI       12007.100   8.0    23534.500   8.0   0.00  0.00  0.00 MC   
   868.5266  3.957e+04  66.00 DyI        7050.610   6.0    18561.200   6.0   0.00  0.00  0.00 MC   