   298.5522  2.385e+07  68.00 ErI           0.000   6.0    33485.216   5.0   0.00  0.00  0.00 GK   
   336.6685  1.417e+08  68.00 ErI        7696.956   7.0    37391.232   7.0   0.00  0.00  0.00 MC   
   336.8136  9.176e+08  68.00 ErI        7696.956   7.0    37378.443   8.0   0.00  0.00  0.00 MC   
   338.2066  1.430e+08  68.00 ErI        7176.503   6.0    36735.742   7.0   0.00  0.00  0.00 MC   
   340.9872  1.432e+08  68.00 ErI        9350.106   8.0    38668.310   8.0   0.00  0.00  0.00 MC   
   342.2897  1.765e+08  68.00 ErI        9350.106   8.0    38556.751   8.0   0.00  0.00  0.00 MC   
   343.1061  1.144e+08  68.00 ErI        9350.106   8.0    38487.253   9.0   0.00  0.00  0.00 MC   
   344.2683  2.472e+08  68.00 ErI        7696.956   7.0    36735.742   7.0   0.00  0.00  0.00 MC   
   344.6874  3.001e+08  68.00 ErI       10557.916   9.0    39561.400   9.0   0.00  0.00  0.00 MC   
   345.3656  8.555e+07  68.00 ErI        7176.503   6.0    36123.034   7.0   0.00  0.00  0.00 MC   
   346.2571  3.987e+08  68.00 ErI       11557.670   8.0    40429.677   8.0   0.00  0.00  0.00 MC   
   346.9510  3.392e+08  68.00 ErI        7696.956   7.0    36511.221   6.0   0.00  0.00  0.00 MC   
   348.9348  1.591e+08  68.00 ErI        8620.565   9.0    37271.015   9.0   0.00  0.00  0.00 MC   
   350.2779  2.951e+08  68.00 ErI        7176.503   6.0    35717.098   7.0   0.00  0.00  0.00 MC   
   350.5682  2.216e+08  68.00 ErI        9655.848  10.0    38172.809   9.0   0.00  0.00  0.00 MC   
   350.8807  1.203e+08  68.00 ErI       10557.916   9.0    39049.481   8.0   0.00  0.00  0.00 MC   
   350.8929  4.411e+07  68.00 ErI        7176.503   6.0    35667.077   6.0   0.00  0.00  0.00 MC   
   352.2518  1.125e+08  68.00 ErI        7176.503   6.0    35557.173   6.0   0.00  0.00  0.00 MC   
   352.6809  4.733e+08  68.00 ErI       11401.197   5.0    39747.336   6.0   0.00  0.00  0.00 MC   
   353.9586  6.964e+08  68.00 ErI       11887.503   7.0    40131.326   7.0   0.00  0.00  0.00 MC   
   354.5857  1.382e+08  68.00 ErI        7176.503   6.0    35370.371   6.0   0.00  0.00  0.00 MC   
   354.7501  4.111e+08  68.00 ErI       11557.670   8.0    39738.475   7.0   0.00  0.00  0.00 MC   
   354.9618  1.395e+09  68.00 ErI        7195.000   0.0    35359.000   0.0   0.00  0.00  0.00 MC   
   355.6075  4.808e+08  68.00 ErI       15185.352   5.0    43298.210   6.0   0.00  0.00  0.00 MC   
   355.6387  1.594e+08  68.00 ErI       10557.916   9.0    38668.310   8.0   0.00  0.00  0.00 MC   
   355.7072  4.095e+08  68.00 ErI       11401.197   5.0    39506.183   5.0   0.00  0.00  0.00 MC   
   355.8016  6.638e+08  68.00 ErI        7696.956   7.0    35794.481   8.0   0.00  0.00  0.00 MC   
   355.8714  2.372e+08  68.00 ErI        8620.565   9.0    36712.578  10.0   0.00  0.00  0.00 MC   
   356.3544  5.250e+06  68.00 ErI           0.000   6.0    28053.943   6.0   0.00  0.00  0.00 GK   
   356.5172  2.447e+08  68.00 ErI        9350.106   8.0    37391.232   7.0   0.00  0.00  0.00 MC   
   356.9274  1.214e+08  68.00 ErI        7176.503   6.0    35185.409   5.0   0.00  0.00  0.00 MC   
   356.9934  2.414e+08  68.00 ErI       11557.670   8.0    39561.400   9.0   0.00  0.00  0.00 MC   
   357.0558  1.549e+08  68.00 ErI       10557.916   9.0    38556.751   8.0   0.00  0.00  0.00 MC   
   357.8244  4.758e+08  68.00 ErI       11799.778   6.0    39738.475   7.0   0.00  0.00  0.00 MC   
   357.9443  1.620e+08  68.00 ErI       10557.916   9.0    38487.253   9.0   0.00  0.00  0.00 MC   
   358.6600  1.802e+08  68.00 ErI        8620.565   9.0    36494.167   9.0   0.00  0.00  0.00 MC   
   358.8323  1.149e+08  68.00 ErI        7696.956   7.0    35557.173   6.0   0.00  0.00  0.00 MC   
   359.0764  2.662e+08  68.00 ErI        8620.565   9.0    36461.845  10.0   0.00  0.00  0.00 MC   
   359.5836  5.691e+08  68.00 ErI       11557.670   8.0    39359.683   7.0   0.00  0.00  0.00 MC   
   360.5694  8.119e+07  68.00 ErI        6958.329   5.0    34684.329   5.0   0.00  0.00  0.00 MC   
   360.7199  6.793e+08  68.00 ErI       15083.114   8.0    42797.550   8.0   0.00  0.00  0.00 MC   
   360.7423  2.354e+08  68.00 ErI        9350.106   8.0    37062.822   9.0   0.00  0.00  0.00 MC   
   362.8038  2.038e+08  68.00 ErI        5035.193   4.0    32590.441   5.0   0.00  0.00  0.00 MC   
   362.9368  3.906e+08  68.00 ErI       11887.503   7.0    39432.657   8.0   0.00  0.00  0.00 MC   
   363.3263  1.204e+08  68.00 ErI        8620.565   9.0    36136.191   9.0   0.00  0.00  0.00 MC   
   363.6410  2.383e+08  68.00 ErI       11557.670   8.0    39049.481   8.0   0.00  0.00  0.00 MC   
   365.9576  5.807e+07  68.00 ErI        7696.956   7.0    35014.743   7.0   0.00  0.00  0.00 MC   
   366.2863  6.543e+07  68.00 ErI        7696.956   7.0    34990.233   8.0   0.00  0.00  0.00 MC   
   366.4444  1.472e+08  68.00 ErI        7176.503   6.0    34457.999   6.0   0.00  0.00  0.00 MC   
   367.8952  8.709e+07  68.00 ErI        8620.565   9.0    35794.481   8.0   0.00  0.00  0.00 MC   
   368.4012  1.263e+08  68.00 ErI        7176.503   6.0    34313.100   6.0   0.00  0.00  0.00 MC   
   369.7680  1.469e+08  68.00 ErI        7696.956   7.0    34733.243   7.0   0.00  0.00  0.00 MC   
   370.5772  3.289e+07  68.00 ErI        7176.503   6.0    34153.760   7.0   0.00  0.00  0.00 MC   
   370.6520  7.659e+07  68.00 ErI        9350.106   8.0    36321.915   9.0   0.00  0.00  0.00 MC   
   371.5982  6.074e+07  68.00 ErI        6958.329   5.0    33861.463   4.0   0.00  0.00  0.00 MC   
   371.9352  1.186e+08  68.00 ErI        7176.503   6.0    34055.264   6.0   0.00  0.00  0.00 MC   
   373.2220  2.062e+07  68.00 ErI        9350.106   8.0    36136.191   9.0   0.00  0.00  0.00 MC   
   373.5713  2.711e+07  68.00 ErI        7696.956   7.0    34457.999   6.0   0.00  0.00  0.00 MC   
   374.7430  3.173e+08  68.00 ErI        7176.503   6.0    33853.872   6.0   0.00  0.00  0.00 MC   
   374.9019  2.663e+07  68.00 ErI        9655.848  10.0    36321.915   9.0   0.00  0.00  0.00 MC   
   375.6051  2.175e+08  68.00 ErI        7696.956   7.0    34313.100   6.0   0.00  0.00  0.00 MC   
   376.1988  7.909e+07  68.00 ErI        7176.503   6.0    33750.645   6.0   0.00  0.00  0.00 MC   
   377.4838  4.842e+07  68.00 ErI        9350.106   8.0    35833.788   7.0   0.00  0.00  0.00 MC   
   377.5314  5.096e+07  68.00 ErI        9655.848  10.0    36136.191   9.0   0.00  0.00  0.00 MC   
   377.8673  4.700e+07  68.00 ErI        7696.956   7.0    34153.760   7.0   0.00  0.00  0.00 MC   
   379.1159  4.139e+07  68.00 ErI        8620.565   9.0    34990.233   8.0   0.00  0.00  0.00 MC   
   379.1544  4.711e+07  68.00 ErI        9350.106   8.0    35717.098   7.0   0.00  0.00  0.00 MC   
   379.2793  1.892e+08  68.00 ErI        7696.956   7.0    34055.264   6.0   0.00  0.00  0.00 MC   
   379.8211  3.511e+07  68.00 ErI        6958.329   5.0    33279.041   4.0   0.00  0.00  0.00 MC   
   379.8629  4.596e+07  68.00 ErI        5035.193   4.0    31353.006   4.0   0.00  0.00  0.00 MC   
   380.3733  2.938e+07  68.00 ErI        9350.106   8.0    35632.606   8.0   0.00  0.00  0.00 MC   
   381.0329  2.661e+07  68.00 ErI           0.000   6.0    26237.004   6.0   0.00  0.00  0.00 GK   
   382.7316  1.581e+07  68.00 ErI        5035.193   4.0    31155.754   4.0   0.00  0.00  0.00 MC   
   383.2528  1.740e+08  68.00 ErI       15083.114   8.0    41168.151   8.0   0.00  0.00  0.00 MC   
   383.8495  5.327e+07  68.00 ErI        9350.106   8.0    35394.592   7.0   0.00  0.00  0.00 MC   
   384.9915  1.649e+08  68.00 ErI        8620.565   9.0    34587.802   9.0   0.00  0.00  0.00 MC   
   385.5898  1.579e+08  68.00 ErI        5035.193   4.0    30962.138   4.0   0.00  0.00  0.00 MC   
   386.2852  1.162e+08  68.00 ErI           0.000   6.0    25880.274   6.0   0.00  0.00  0.00 GK   
   387.1753  3.772e+07  68.00 ErI       11557.670   8.0    37378.443   8.0   0.00  0.00  0.00 MC   
   387.4825  3.374e+07  68.00 ErI        5035.193   4.0    30835.494   4.0   0.00  0.00  0.00 MC   
   388.4119  2.768e+08  68.00 ErI       13097.906   2.0    38836.476   3.0   0.00  0.00  0.00 MC   
   389.2685  7.278e+07  68.00 ErI           0.000   6.0    25681.933   5.0   0.00  0.00  0.00 GK   
   389.9032  9.672e+07  68.00 ErI        9350.106   8.0    34990.233   8.0   0.00  0.00  0.00 MC   
   390.3984  5.366e+07  68.00 ErI        5035.193   4.0    30642.798   4.0   0.00  0.00  0.00 MC   
   390.5405  1.554e+07  68.00 ErI           0.000   6.0    25598.286   7.0   0.00  0.00  0.00 GK   
   391.0495  1.910e+07  68.00 ErI        5035.193   4.0    30600.160   5.0   0.00  0.00  0.00 MC   
   391.5998  8.973e+07  68.00 ErI       10750.982   4.0    36280.029   4.0   0.00  0.00  0.00 MC   
   391.8044  4.661e+08  68.00 ErI       12377.534   3.0    37893.246   4.0   0.00  0.00  0.00 MC   
   393.7013  2.921e+07  68.00 ErI           0.000   6.0    25392.779   6.0   0.00  0.00  0.00 GK   
   394.2574  2.441e+08  68.00 ErI       15083.114   8.0    40440.079   9.0   0.00  0.00  0.00 MC   
   394.4421  5.279e+08  68.00 ErI        5035.193   4.0    30380.282   5.0   0.00  0.00  0.00 MC   
   394.8060  1.297e+08  68.00 ErI        8620.565   9.0    33942.292  10.0   0.00  0.00  0.00 MC   
   395.0982  3.841e+08  68.00 ErI       13097.906   2.0    38400.908   2.0   0.00  0.00  0.00 MC   
   395.1481  6.227e+08  68.00 ErI       13097.906   2.0    38397.715   3.0   0.00  0.00  0.00 MC   
   395.6415  3.787e+06  68.00 ErI           0.000   6.0    25268.259   6.0   0.00  0.00  0.00 GK   
   396.1206  5.017e+07  68.00 ErI        9350.106   8.0    34587.802   9.0   0.00  0.00  0.00 MC   
   396.4505  1.359e+07  68.00 ErI        5035.193   4.0    30251.891   5.0   0.00  0.00  0.00 MC   
   396.6352  2.734e+08  68.00 ErI       10750.982   4.0    35955.935   4.0   0.00  0.00  0.00 MC   
   397.3036  4.789e+07  68.00 ErI           0.000   6.0    25162.553   5.0   0.00  0.00  0.00 GK   
   397.3574  3.660e+07  68.00 ErI           0.000   6.0    25159.143   7.0   0.00  0.00  0.00 GK   
   397.6731  2.200e+08  68.00 ErI       10750.982   4.0    35890.151   5.0   0.00  0.00  0.00 MC   
   397.7017  1.994e+08  68.00 ErI        5035.193   4.0    30172.558   3.0   0.00  0.00  0.00 MC   
   398.0604  3.111e+08  68.00 ErI       12377.534   3.0    37492.247   3.0   0.00  0.00  0.00 MC   
   398.2328  2.939e+08  68.00 ErI        6958.329   5.0    32062.166   5.0   0.00  0.00  0.00 MC   
   398.7532  9.236e+08  68.00 ErI       13097.906   2.0    38168.987   2.0   0.00  0.00  0.00 MC   
   398.7655  1.525e+08  68.00 ErI        5035.193   4.0    30105.496   4.0   0.00  0.00  0.00 MC   
   399.1172  4.401e+08  68.00 ErI       15083.114   8.0    40131.326   7.0   0.00  0.00  0.00 MC   
   399.9067  1.308e+07  68.00 ErI        8620.565   9.0    33619.332  10.0   0.00  0.00  0.00 MC   
   400.4047  5.034e+07  68.00 ErI        6958.329   5.0    31926.003   6.0   0.00  0.00  0.00 MC   
   400.7964  1.726e+08  68.00 ErI           0.000   6.0    24943.272   7.0   0.00  0.00  0.00 GK   
   400.9784  4.763e+07  68.00 ErI        9655.848  10.0    34587.802   9.0   0.00  0.00  0.00 MC   
   401.2535  2.810e+08  68.00 ErI        6958.329   5.0    31873.185   5.0   0.00  0.00  0.00 MC   
   401.6365  3.477e+08  68.00 ErI       13097.906   2.0    37989.003   2.0   0.00  0.00  0.00 MC   
   402.0513  6.403e+08  68.00 ErI        6958.329   5.0    31823.748   6.0   0.00  0.00  0.00 MC   
   402.1550  6.587e+07  68.00 ErI        5035.193   4.0    29894.203   5.0   0.00  0.00  0.00 MC   
   403.6111  3.324e+07  68.00 ErI        5035.193   4.0    29804.517   4.0   0.00  0.00  0.00 MC   
   403.7685  2.572e+07  68.00 ErI        5035.193   4.0    29794.862   5.0   0.00  0.00  0.00 MC   
   403.9643  1.334e+08  68.00 ErI       12377.534   3.0    37125.206   3.0   0.00  0.00  0.00 MC   
   404.6954  7.067e+08  68.00 ErI       10750.982   4.0    35453.944   5.0   0.00  0.00  0.00 MC   
   405.9506  6.009e+08  68.00 ErI       10750.982   4.0    35377.563   3.0   0.00  0.00  0.00 MC   
   407.7882  5.657e+07  68.00 ErI        5035.193   4.0    29550.807   5.0   0.00  0.00  0.00 MC   
   408.3048  3.225e+07  68.00 ErI        6958.329   5.0    31442.927   5.0   0.00  0.00  0.00 MC   
   408.7632  3.034e+07  68.00 ErI           0.000   6.0    24457.139   6.0   0.00  0.00  0.00 GK   
   409.1785  3.045e+07  68.00 ErI       10557.916   9.0    34990.233   8.0   0.00  0.00  0.00 MC   
   409.2898  4.352e+07  68.00 ErI        5035.193   4.0    29460.864   3.0   0.00  0.00  0.00 MC   
   409.8098  3.030e+08  68.00 ErI        6958.329   5.0    31353.006   4.0   0.00  0.00  0.00 MC   
   410.9325  3.524e+07  68.00 ErI        6958.329   5.0    31286.362   4.0   0.00  0.00  0.00 MC   
   411.6362  7.882e+07  68.00 ErI        9655.848  10.0    33942.292  10.0   0.00  0.00  0.00 MC   
   411.8545  2.495e+08  68.00 ErI       10750.982   4.0    35024.554   4.0   0.00  0.00  0.00 MC   
   412.4757  1.765e+07  68.00 ErI        5035.193   4.0    29272.207   5.0   0.00  0.00  0.00 MC   
   413.1506  1.576e+08  68.00 ErI        6958.329   5.0    31155.754   4.0   0.00  0.00  0.00 MC   
   415.1107  9.598e+07  68.00 ErI           0.000   6.0    24083.166   5.0   0.00  0.00  0.00 GK   
   416.0312  1.976e+07  68.00 ErI       10557.916   9.0    34587.802   9.0   0.00  0.00  0.00 MC   
   416.4831  4.758e+07  68.00 ErI        6958.329   5.0    30962.138   4.0   0.00  0.00  0.00 MC   
   417.1543  1.208e+08  68.00 ErI       10750.982   4.0    34716.173   3.0   0.00  0.00  0.00 MC   
   417.2217  2.594e+07  68.00 ErI        5035.193   4.0    28996.512   3.0   0.00  0.00  0.00 MC   
   418.5477  1.560e+06  68.00 ErI           0.000   6.0    23885.406   5.0   0.00  0.00  0.00 MC'  
   419.0697  6.728e+06  68.00 ErI           0.000   6.0    23855.654   5.0   0.00  0.00  0.00 GK   
   419.4724  2.446e+08  68.00 ErI       13097.906   2.0    36930.659   3.0   0.00  0.00  0.00 MC   
   419.7426  3.483e+07  68.00 ErI       11401.197   5.0    35218.609   6.0   0.00  0.00  0.00 MC   
   420.5318  3.136e+08  68.00 ErI       13097.906   2.0    36870.622   2.0   0.00  0.00  0.00 MC   
   422.0987  4.643e+07  68.00 ErI        6958.329   5.0    30642.798   4.0   0.00  0.00  0.00 MC   
   423.5183  9.929e+06  68.00 ErI        5035.193   4.0    28640.277   4.0   0.00  0.00  0.00 MC   
   423.7026  3.204e+07  68.00 ErI       11799.778   6.0    35394.592   7.0   0.00  0.00  0.00 MC   
   426.3723  6.011e+05  68.00 ErI           0.000   6.0    23447.079   5.0   0.00  0.00  0.00 MC'  
   426.4866  7.798e+07  68.00 ErI       12377.534   3.0    35818.334   3.0   0.00  0.00  0.00 MC   
   426.9946  2.777e+07  68.00 ErI       11887.503   7.0    35300.412   8.0   0.00  0.00  0.00 MC   
   428.6556  8.539e+07  68.00 ErI        5035.193   4.0    28357.384   4.0   0.00  0.00  0.00 MC   
   428.8507  4.924e+05  68.00 ErI           0.000   6.0    23311.577   6.0   0.00  0.00  0.00 MC'  
   430.1259  1.039e+08  68.00 ErI       12377.534   3.0    35620.002   2.0   0.00  0.00  0.00 MC   
   430.6355  2.928e+07  68.00 ErI       11799.778   6.0    35014.743   7.0   0.00  0.00  0.00 MC   
   432.8814  9.819e+07  68.00 ErI       10750.982   4.0    33845.506   3.0   0.00  0.00  0.00 MC   
   433.1359  7.405e+05  68.00 ErI           0.000   6.0    23080.952   7.0   0.00  0.00  0.00 MC'  
   433.5028  1.418e+07  68.00 ErI       10557.916   9.0    33619.332  10.0   0.00  0.00  0.00 MC   
   434.0917  4.819e+07  68.00 ErI       11557.670   8.0    34587.802   9.0   0.00  0.00  0.00 MC   
   434.8334  1.778e+07  68.00 ErI        5035.193   4.0    28026.045   5.0   0.00  0.00  0.00 MC   
   435.1627  8.515e+06  68.00 ErI        7176.503   6.0    30149.954   5.0   0.00  0.00  0.00 MC   
   438.0651  5.388e+06  68.00 ErI        5035.193   4.0    27856.436   5.0   0.00  0.00  0.00 MC   
   438.2169  2.221e+07  68.00 ErI        7176.503   6.0    29989.842   6.0   0.00  0.00  0.00 MC   
   438.6394  3.586e+07  68.00 ErI        7176.503   6.0    29967.871   7.0   0.00  0.00  0.00 MC   
   439.7417  3.304e+07  68.00 ErI       10750.982   4.0    33485.216   5.0   0.00  0.00  0.00 MC   
   440.9339  5.672e+06  68.00 ErI           0.000   6.0    22672.766   5.0   0.00  0.00  0.00 GK   
   441.3738  9.312e+06  68.00 ErI        8620.565   9.0    31270.736  10.0   0.00  0.00  0.00 MC   
   441.4352  5.011e+07  68.00 ErI       12377.534   3.0    35024.554   4.0   0.00  0.00  0.00 MC   
   441.8703  2.390e+07  68.00 ErI        7176.503   6.0    29801.226   6.0   0.00  0.00  0.00 MC   
   442.4570  3.326e+07  68.00 ErI        5035.193   4.0    27629.917   4.0   0.00  0.00  0.00 MC   
   442.6768  2.721e+06  68.00 ErI           0.000   6.0    22583.504   6.0   0.00  0.00  0.00 GK   
   443.2224  8.859e+06  68.00 ErI        6958.329   5.0    29514.032   4.0   0.00  0.00  0.00 MC   
   443.7663  5.641e+07  68.00 ErI       10750.982   4.0    33279.041   4.0   0.00  0.00  0.00 MC   
   448.4478  1.206e+07  68.00 ErI        7696.956   7.0    29989.842   6.0   0.00  0.00  0.00 MC   
   448.8902  3.669e+06  68.00 ErI        7696.956   7.0    29967.871   7.0   0.00  0.00  0.00 MC   
   449.6391  1.392e+07  68.00 ErI        7696.956   7.0    29930.780   8.0   0.00  0.00  0.00 MC   
   451.8656  2.561e+05  68.00 ErI           0.000   6.0    22124.268   5.0   0.00  0.00  0.00 MC'  
   452.2744  1.767e+07  68.00 ErI        7696.956   7.0    29801.226   6.0   0.00  0.00  0.00 MC   
   453.1082  3.598e+06  68.00 ErI        7696.956   7.0    29760.553   8.0   0.00  0.00  0.00 MC   
   455.1994  3.968e+06  68.00 ErI        7176.503   6.0    29138.739   6.0   0.00  0.00  0.00 MC   
   455.5697  2.875e+07  68.00 ErI       10750.982   4.0    32695.370   3.0   0.00  0.00  0.00 MC   
   456.9287  4.090e+07  68.00 ErI       16464.934   7.0    38344.055   8.0   0.00  0.00  0.00 MC   
   459.6745  5.611e+06  68.00 ErI        7696.956   7.0    29445.385   6.0   0.00  0.00  0.00 MC   
   459.8118  6.992e+06  68.00 ErI        7176.503   6.0    28918.439   7.0   0.00  0.00  0.00 MC   
   460.2066  9.097e+07  68.00 ErI       17073.800   6.0    38797.084   7.0   0.00  0.00  0.00 MC   
   460.6604  7.537e+06  68.00 ErI           0.000   6.0    21701.885   6.0   0.00  0.00  0.00 GK   
   467.3158  3.022e+06  68.00 ErI           0.000   6.0    21392.817   5.0   0.00  0.00  0.00 MC'  
   471.8692  4.225e+07  68.00 ErI       17157.307   7.0    38343.693   8.0   0.00  0.00  0.00 MC   
   472.2695  1.561e+06  68.00 ErI           0.000   6.0    21168.430   7.0   0.00  0.00  0.00 MC'  
   472.9049  1.610e+07  68.00 ErI        8620.565   9.0    29760.553   8.0   0.00  0.00  0.00 MC   
   474.5272  6.123e+06  68.00 ErI        6958.329   5.0    28026.045   5.0   0.00  0.00  0.00 MC   
   482.9526  1.565e+06  68.00 ErI        7696.956   7.0    28397.139   8.0   0.00  0.00  0.00 MC   
   484.2027  3.224e+06  68.00 ErI        5035.193   4.0    25681.933   5.0   0.00  0.00  0.00 MC   
   484.8832  1.123e+07  68.00 ErI        9350.106   8.0    29967.871   7.0   0.00  0.00  0.00 MC   
   485.7435  1.178e+07  68.00 ErI        8620.565   9.0    29201.811   9.0   0.00  0.00  0.00 MC   
   488.8840  1.859e+06  68.00 ErI        7176.503   6.0    27625.541   7.0   0.00  0.00  0.00 MC   
   489.8146  4.481e+07  68.00 ErI       15083.114   8.0    35493.301   8.0   0.00  0.00  0.00 MC   
   491.7082  6.435e+07  68.00 ErI       19326.598   6.0    39658.188   6.0   0.00  0.00  0.00 MC   
   492.8877  4.638e+06  68.00 ErI        7176.503   6.0    27459.437   7.0   0.00  0.00  0.00 MC   
   494.4363  1.007e+07  68.00 ErI        8620.565   9.0    28839.974   9.0   0.00  0.00  0.00 MC   
   496.6975  2.860e+06  68.00 ErI        5035.193   4.0    25162.553   5.0   0.00  0.00  0.00 MC   
   499.0307  2.419e+07  68.00 ErI       15185.352   5.0    35218.609   6.0   0.00  0.00  0.00 MC   
   500.7234  1.401e+07  68.00 ErI        5035.193   4.0    25000.729   4.0   0.00  0.00  0.00 MC   
   502.8326  8.641e+06  68.00 ErI        7696.956   7.0    27578.745   8.0   0.00  0.00  0.00 MC   
   503.5946  1.746e+07  68.00 ErI        9350.106   8.0    29201.811   9.0   0.00  0.00  0.00 MC   
   504.3868  1.029e+08  68.00 ErI       15846.549   7.0    35667.077   6.0   0.00  0.00  0.00 MC   
   504.4652  1.288e+07  68.00 ErI        7176.503   6.0    26993.949   4.0   0.00  0.00  0.00 MC   
   505.2655  3.307e+07  68.00 ErI       15846.549   7.0    35632.606   8.0   0.00  0.00  0.00 MC   
   508.0520  4.720e+06  68.00 ErI        5035.193   4.0    24712.734   3.0   0.00  0.00  0.00 MC   
   512.4561  6.392e+05  68.00 ErI           0.000   6.0    19508.432   6.0   0.00  0.00  0.00 MC'  
   513.1528  6.744e+06  68.00 ErI        7696.956   7.0    27178.899   8.0   0.00  0.00  0.00 MC   
   517.2776  6.630e+05  68.00 ErI           0.000   6.0    19326.598   6.0   0.00  0.00  0.00 MC'  
   520.6519  8.778e+05  68.00 ErI           0.000   6.0    19201.343   5.0   0.00  0.00  0.00 MC'  
   527.7715  3.844e+06  68.00 ErI        9655.848  10.0    28598.169  10.0   0.00  0.00  0.00 MC   
   533.3037  4.055e+07  68.00 ErI       16472.783   4.0    35218.609   6.0   0.00  0.00  0.00 MC   
   534.8061  6.022e+06  68.00 ErI        9350.106   8.0    28043.271   9.0   0.00  0.00  0.00 MC   
   535.0476  2.061e+06  68.00 ErI        7176.503   6.0    25861.232   7.0   0.00  0.00  0.00 MC   
   536.8850  4.805e+07  68.00 ErI       19723.271   8.0    38344.055   8.0   0.00  0.00  0.00 MC   
   545.6617  1.091e+07  68.00 ErI        9655.848  10.0    27977.129  10.0   0.00  0.00  0.00 MC   
   546.8324  7.699e+06  68.00 ErI       10557.916   9.0    28839.974   9.0   0.00  0.00  0.00 MC   
   551.6016  3.746e+06  68.00 ErI       11557.670   8.0    29681.661   7.0   0.00  0.00  0.00 MC   
   559.3463  1.016e+07  68.00 ErI       11887.503   7.0    29760.553   8.0   0.00  0.00  0.00 MC   
   560.1143  3.496e+06  68.00 ErI       10557.916   9.0    28406.458   9.0   0.00  0.00  0.00 MC   
   560.1323  2.486e+06  68.00 ErI        9350.106   8.0    27198.075   9.0   0.00  0.00  0.00 MC   
   560.9969  6.122e+08  68.00 ErI       28053.943   6.0    45874.406   7.0   0.00  0.00  0.00 MC   
   561.1821  3.078e+06  68.00 ErI        7176.503   6.0    24991.084   5.0   0.00  0.00  0.00 MC   
   562.2013  3.493e+06  68.00 ErI        7696.956   7.0    25479.243   6.0   0.00  0.00  0.00 MC   
   563.6195  4.207e+06  68.00 ErI       11401.197   5.0    29138.739   6.0   0.00  0.00  0.00 MC   
   564.0355  4.765e+06  68.00 ErI        9655.848  10.0    27380.309  10.0   0.00  0.00  0.00 MC   
   564.1427  4.196e+07  68.00 ErI       19362.105   5.0    37083.198   4.0   0.00  0.00  0.00 MC   
   566.4949  3.358e+06  68.00 ErI        8620.565   9.0    26268.076   8.0   0.00  0.00  0.00 MC   
   567.5476  1.802e+06  68.00 ErI        5035.193   4.0    22649.973   4.0   0.00  0.00  0.00 MC   
   571.7486  3.933e+06  68.00 ErI       10557.916   9.0    28043.271   9.0   0.00  0.00  0.00 MC   
   571.9553  2.893e+06  68.00 ErI        8620.565   9.0    26099.600   9.0   0.00  0.00  0.00 MC   
   572.6975  1.833e+05  68.00 ErI           0.000   6.0    17456.383   6.0   0.00  0.00  0.00 MC'  
   573.6556  1.040e+07  68.00 ErI       17297.668   8.0    34724.897   9.0   0.00  0.00  0.00 MC   
   573.9196  6.382e+06  68.00 ErI       10557.916   9.0    27977.129  10.0   0.00  0.00  0.00 MC   
   574.0611  8.966e+05  68.00 ErI        5035.193   4.0    22450.111   5.0   0.00  0.00  0.00 MC   
   574.8645  3.210e+06  68.00 ErI        6958.329   5.0    24348.910   4.0   0.00  0.00  0.00 MC   
   575.2535  7.011e+06  68.00 ErI       10750.982   4.0    28129.803   5.0   0.00  0.00  0.00 MC   
   576.2801  1.115e+06  68.00 ErI           0.000   6.0    17347.860   5.0   0.00  0.00  0.00 GK   
   576.9920  2.149e+06  68.00 ErI        5035.193   4.0    22361.651   4.0   0.00  0.00  0.00 MC   
   578.2817  1.628e+06  68.00 ErI        6958.329   5.0    24246.146   6.0   0.00  0.00  0.00 MC   
   578.4661  6.347e+06  68.00 ErI       11557.670   8.0    28839.974   9.0   0.00  0.00  0.00 MC   
   580.0786  2.703e+06  68.00 ErI        5035.193   4.0    22269.457   3.0   0.00  0.00  0.00 MC   
   580.6101  5.313e+06  68.00 ErI       15083.114   8.0    32301.601   9.0   0.00  0.00  0.00 MC   
   581.4338  7.506e+06  68.00 ErI       17796.139   7.0    34990.233   8.0   0.00  0.00  0.00 MC   
   582.6805  1.037e+06  68.00 ErI           0.000   6.0    17157.307   7.0   0.00  0.00  0.00 GK   
   583.9959  1.659e+06  68.00 ErI       11799.778   6.0    28918.439   7.0   0.00  0.00  0.00 MC   
   584.1161  2.597e+06  68.00 ErI       11401.197   5.0    28516.337   5.0   0.00  0.00  0.00 MC   
   585.0070  2.378e+06  68.00 ErI        5035.193   4.0    22124.268   5.0   0.00  0.00  0.00 MC   
   585.5304  3.671e+05  68.00 ErI           0.000   6.0    17073.800   6.0   0.00  0.00  0.00 MC'  
   587.1628  2.014e+06  68.00 ErI       10750.982   4.0    27777.315   4.0   0.00  0.00  0.00 MC   
   587.2351  4.506e+06  68.00 ErI        7696.956   7.0    24721.193   8.0   0.00  0.00  0.00 MC   
   587.3527  1.296e+06  68.00 ErI       10557.916   9.0    27578.745   8.0   0.00  0.00  0.00 MC   
   588.1147  4.034e+06  68.00 ErI        8620.565   9.0    25619.339  10.0   0.00  0.00  0.00 MC   
   590.6058  2.172e+06  68.00 ErI        6958.329   5.0    23885.406   5.0   0.00  0.00  0.00 MC   
   590.9237  2.251e+06  68.00 ErI        9350.106   8.0    26268.076   8.0   0.00  0.00  0.00 MC   
   591.6457  7.069e+05  68.00 ErI        6958.329   5.0    23855.654   5.0   0.00  0.00  0.00 MC   
   593.3501  2.881e+06  68.00 ErI       11557.670   8.0    28406.458   9.0   0.00  0.00  0.00 MC   
   594.6362  2.203e+06  68.00 ErI       11887.503   7.0    28699.849   8.0   0.00  0.00  0.00 MC   
   596.8676  2.373e+06  68.00 ErI        9350.106   8.0    26099.600   9.0   0.00  0.00  0.00 MC   
   597.5487  2.742e+06  68.00 ErI       11557.670   8.0    28288.072   7.0   0.00  0.00  0.00 MC   
   600.7894  8.293e+05  68.00 ErI       10557.916   9.0    27198.075   9.0   0.00  0.00  0.00 MC   
   601.4826  3.622e+06  68.00 ErI       10557.916   9.0    27178.899   8.0   0.00  0.00  0.00 MC   
   602.2563  2.380e+06  68.00 ErI        8620.565   9.0    25220.194   9.0   0.00  0.00  0.00 MC   
   605.4846  2.331e+06  68.00 ErI        9350.106   8.0    25861.232   7.0   0.00  0.00  0.00 MC   
   611.6008  4.252e+06  68.00 ErI       11401.197   5.0    27747.206   5.0   0.00  0.00  0.00 MC   
   612.5339  9.051e+04  68.00 ErI           0.000   6.0    16321.110   6.0   0.00  0.00  0.00 MC'  
   622.1017  8.438e+05  68.00 ErI           0.000   6.0    16070.095   6.0   0.00  0.00  0.00 GK   
   623.0928  3.862e+06  68.00 ErI       11887.503   7.0    27932.038   6.0   0.00  0.00  0.00 MC   
   626.2562  1.969e+06  68.00 ErI        9655.848  10.0    25619.339  10.0   0.00  0.00  0.00 MC   
   626.8870  7.484e+06  68.00 ErI       11799.778   6.0    27747.206   5.0   0.00  0.00  0.00 MC   
   627.4948  1.001e+06  68.00 ErI        7696.956   7.0    23628.936   7.0   0.00  0.00  0.00 MC   
   628.6871  2.535e+06  68.00 ErI       11557.670   8.0    27459.437   7.0   0.00  0.00  0.00 MC   
   628.8567  7.950e+06  68.00 ErI       16321.110   6.0    32218.588   5.0   0.00  0.00  0.00 MC   
   629.9420  1.598e+06  68.00 ErI        9350.106   8.0    25220.194   9.0   0.00  0.00  0.00 MC   
   630.8778  2.624e+05  68.00 ErI           0.000   6.0    15846.549   7.0   0.00  0.00  0.00 MC'  
   632.6128  1.523e+06  68.00 ErI        7176.503   6.0    22979.591   6.0   0.00  0.00  0.00 MC   
   638.8186  1.285e+07  68.00 ErI       16070.095   6.0    31719.664   7.0   0.00  0.00  0.00 MC   
   639.8106  4.930e+06  68.00 ErI       16321.110   6.0    31946.417   6.0   0.00  0.00  0.00 MC   
   642.3165  3.263e+05  68.00 ErI        9655.848  10.0    25220.194   9.0   0.00  0.00  0.00 MC   
   642.3165  3.263e+05  68.00 ErI        9655.848  10.0    25220.194   9.0   0.00  0.00  0.00 MC   
   643.2531  1.022e+06  68.00 ErI       10557.916   9.0    26099.600   9.0   0.00  0.00  0.00 MC   
   645.1564  1.934e+06  68.00 ErI       16070.095   6.0    31565.930   7.0   0.00  0.00  0.00 MC   
   648.1741  3.520e+07  68.00 ErI       23447.079   5.0    38870.770   6.0   0.00  0.00  0.00 MC   
   649.2322  1.596e+07  68.00 ErI       16321.110   6.0    31719.664   7.0   0.00  0.00  0.00 MC   
   652.0519  2.046e+07  68.00 ErI       21551.919   4.0    36883.886   5.0   0.00  0.00  0.00 MC   
   654.1567  6.303e+05  68.00 ErI        7696.956   7.0    22979.591   6.0   0.00  0.00  0.00 MC   
   655.7794  5.050e+06  68.00 ErI       16321.110   6.0    31565.930   7.0   0.00  0.00  0.00 MC   
   658.3475  1.431e+05  68.00 ErI           0.000   6.0    15185.352   5.0   0.00  0.00  0.00 MC'  
   660.1108  3.245e+07  68.00 ErI       17073.800   6.0    32218.588   5.0   0.00  0.00  0.00 MC   
   663.7646  5.304e+05  68.00 ErI       10557.916   9.0    25619.339  10.0   0.00  0.00  0.00 MC   
   664.8967  2.265e+07  68.00 ErI       23885.406   5.0    38921.185   4.0   0.00  0.00  0.00 MC   
   664.9065  1.001e+06  68.00 ErI       16070.095   6.0    31105.652   7.0   0.00  0.00  0.00 MC   
   666.3515  1.014e+06  68.00 ErI       10750.982   4.0    25753.933   4.0   0.00  0.00  0.00 MC   
   668.7133  5.768e+06  68.00 ErI       17073.800   6.0    32023.763   5.0   0.00  0.00  0.00 MC   
   670.1749  2.580e+06  68.00 ErI       17029.058   5.0    31946.417   6.0   0.00  0.00  0.00 MC   
   672.0999  3.273e+07  68.00 ErI       22269.457   3.0    37144.092   3.0   0.00  0.00  0.00 MC   
   672.1911  9.976e+06  68.00 ErI       17073.800   6.0    31946.417   6.0   0.00  0.00  0.00 MC   
   672.2764  6.129e+06  68.00 ErI       17347.860   5.0    32218.588   5.0   0.00  0.00  0.00 MC   
   675.9866  2.601e+07  68.00 ErI       17157.307   7.0    31946.417   6.0   0.00  0.00  0.00 MC   
   676.2938  5.453e+07  68.00 ErI       23885.406   5.0    38667.799   6.0   0.00  0.00  0.00 MC   
   676.4550  4.710e+06  68.00 ErI       17073.800   6.0    31852.671   5.0   0.00  0.00  0.00 MC   
   676.6622  1.958e+07  68.00 ErI       22124.268   5.0    36898.613   5.0   0.00  0.00  0.00 MC   
   677.3374  4.785e+07  68.00 ErI       22124.268   5.0    36883.886   5.0   0.00  0.00  0.00 MC   
   678.0019  3.149e+07  68.00 ErI       22269.457   3.0    37014.608   4.0   0.00  0.00  0.00 MC   
   678.0753  3.727e+05  68.00 ErI        6958.329   5.0    21701.885   6.0   0.00  0.00  0.00 MC   
   678.7906  1.791e+07  68.00 ErI       22269.457   3.0    36997.475   4.0   0.00  0.00  0.00 MC   
   679.0921  1.283e+07  68.00 ErI       17157.307   7.0    31878.788   6.0   0.00  0.00  0.00 MC   
   682.5441  6.922e+07  68.00 ErI       24246.146   6.0    38893.172   5.0   0.00  0.00  0.00 MC   
   682.5983  6.706e+06  68.00 ErI       17073.800   6.0    31719.664   7.0   0.00  0.00  0.00 MC   
   683.5896  3.179e+07  68.00 ErI       24246.146   6.0    38870.770   6.0   0.00  0.00  0.00 MC   
   684.8102  2.635e+07  68.00 ErI       17347.860   5.0    31946.417   6.0   0.00  0.00  0.00 MC   
   685.7239  5.708e+05  68.00 ErI       11557.670   8.0    26136.777   7.0   0.00  0.00  0.00 MC   
   686.5126  1.688e+07  68.00 ErI       17157.307   7.0    31719.664   7.0   0.00  0.00  0.00 MC   
   687.3667  5.703e+07  68.00 ErI       24348.910   4.0    38893.172   5.0   0.00  0.00  0.00 MC   
   687.4769  7.955e+05  68.00 ErI       11557.670   8.0    26099.600   9.0   0.00  0.00  0.00 MC   
   687.9975  1.002e+07  68.00 ErI       17347.860   5.0    31878.788   6.0   0.00  0.00  0.00 MC   
   688.4093  1.981e+07  68.00 ErI       22361.651   4.0    36883.886   5.0   0.00  0.00  0.00 MC   
   689.2363  3.053e+06  68.00 ErI       17347.860   5.0    31852.671   5.0   0.00  0.00  0.00 MC   
   690.8236  6.890e+05  68.00 ErI       11799.778   6.0    26271.260   6.0   0.00  0.00  0.00 MC   
   692.5942  2.751e+05  68.00 ErI        6958.329   5.0    21392.817   5.0   0.00  0.00  0.00 MC   
   692.6284  1.088e+07  68.00 ErI       22450.111   5.0    36883.886   5.0   0.00  0.00  0.00 MC   
   693.8375  5.349e+06  68.00 ErI       17157.307   7.0    31565.930   7.0   0.00  0.00  0.00 MC   
   695.1908  1.060e+06  68.00 ErI       11887.503   7.0    26268.076   8.0   0.00  0.00  0.00 MC   
   697.3037  5.807e+05  68.00 ErI       11799.778   6.0    26136.777   7.0   0.00  0.00  0.00 MC   
   698.9338  4.187e+05  68.00 ErI       11557.670   8.0    25861.232   7.0   0.00  0.00  0.00 MC   
   700.1444  7.021e+05  68.00 ErI        9350.106   8.0    23628.936   7.0   0.00  0.00  0.00 MC   
   705.8567  4.635e+05  68.00 ErI       10557.916   9.0    24721.193   8.0   0.00  0.00  0.00 MC   
   706.5051  4.664e+06  68.00 ErI       17796.139   7.0    31946.417   6.0   0.00  0.00  0.00 MC   
   710.1301  1.133e+06  68.00 ErI       11401.197   5.0    25479.243   6.0   0.00  0.00  0.00 MC   
   710.9680  4.865e+05  68.00 ErI       11799.778   6.0    25861.232   7.0   0.00  0.00  0.00 MC   
   716.1890  1.036e+05  68.00 ErI        6958.329   5.0    20917.276   5.0   0.00  0.00  0.00 MC   
   735.5383  1.174e+06  68.00 ErI       11887.503   7.0    25479.243   6.0   0.00  0.00  0.00 MC   
   735.6386  7.399e+05  68.00 ErI       11401.197   5.0    24991.084   5.0   0.00  0.00  0.00 MC   
   742.8663  7.600e+07  68.00 ErI       25463.519   3.0    38921.185   4.0   0.00  0.00  0.00 MC   
   745.9538  2.878e+07  68.00 ErI       18816.623   4.0    32218.588   5.0   0.00  0.00  0.00 MC   
   746.0402  3.326e+06  68.00 ErI       19125.253   7.0    32525.666   8.0   0.00  0.00  0.00 MC   
   746.9457  4.011e+07  68.00 ErI       18335.496   8.0    31719.664   7.0   0.00  0.00  0.00 MC   
   753.2311  6.428e+07  68.00 ErI       25598.286   7.0    38870.770   6.0   0.00  0.00  0.00 MC   
   754.0149  2.000e+07  68.00 ErI       23885.406   5.0    37144.092   3.0   0.00  0.00  0.00 MC   
   755.6251  8.733e+06  68.00 ErI       18335.496   8.0    31565.930   7.0   0.00  0.00  0.00 MC   
   759.0479  2.660e+06  68.00 ErI       19047.815   4.0    32218.588   5.0   0.00  0.00  0.00 MC   
   759.7297  2.775e+07  68.00 ErI       23855.654   5.0    37014.608   4.0   0.00  0.00  0.00 MC   
   760.7201  1.507e+07  68.00 ErI       23855.654   5.0    36997.475   4.0   0.00  0.00  0.00 MC   
   761.3528  1.376e+08  68.00 ErI       29550.807   5.0    42681.708   4.0   0.00  0.00  0.00 MC   
   762.3431  1.511e+07  68.00 ErI       23883.631   4.0    36997.475   4.0   0.00  0.00  0.00 MC   
   764.5650  5.420e+07  68.00 ErI       24068.358   3.0    37144.092   3.0   0.00  0.00  0.00 MC   
   765.9243  4.407e+07  68.00 ErI       23831.359   6.0    36883.886   5.0   0.00  0.00  0.00 MC   
   768.0003  1.887e+07  68.00 ErI       19201.343   5.0    32218.588   5.0   0.00  0.00  0.00 MC   
   772.2163  4.608e+07  68.00 ErI       27822.866   7.0    40769.043   6.0   0.00  0.00  0.00 MC   
   774.7417  4.845e+07  68.00 ErI       26017.209   4.0    38921.185   4.0   0.00  0.00  0.00 MC   
   775.4620  1.198e+07  68.00 ErI       19326.598   6.0    32218.588   5.0   0.00  0.00  0.00 MC   
   776.2160  7.736e+06  68.00 ErI       23831.359   6.0    36710.827   5.0   0.00  0.00  0.00 MC   
   779.6694  4.663e+06  68.00 ErI       19201.343   5.0    32023.763   5.0   0.00  0.00  0.00 MC   
   779.7458  1.500e+07  68.00 ErI       19125.253   7.0    31946.417   6.0   0.00  0.00  0.00 MC   
   783.8807  3.806e+06  68.00 ErI       19125.253   7.0    31878.788   6.0   0.00  0.00  0.00 MC   
   784.4010  4.741e+06  68.00 ErI       19201.343   5.0    31946.417   6.0   0.00  0.00  0.00 MC   
   784.7574  2.011e+05  68.00 ErI        7176.503   6.0    19915.789   7.0   0.00  0.00  0.00 MC   
   787.5363  1.815e+07  68.00 ErI       26198.837   5.0    38893.172   5.0   0.00  0.00  0.00 MC   
   787.9381  9.839e+05  68.00 ErI       16464.934   7.0    29152.796   6.0   0.00  0.00  0.00 MC   
   789.9547  9.984e+06  68.00 ErI       19563.116   5.0    32218.588   5.0   0.00  0.00  0.00 MC   
   791.3119  2.456e+07  68.00 ErI       26237.004   6.0    38870.770   6.0   0.00  0.00  0.00 MC   
   792.1865  1.525e+07  68.00 ErI       19326.598   6.0    31946.417   6.0   0.00  0.00  0.00 MC   
   793.7846  1.065e+07  68.00 ErI       19125.253   7.0    31719.664   7.0   0.00  0.00  0.00 MC   
   796.4547  5.160e+06  68.00 ErI       19326.598   6.0    31878.788   6.0   0.00  0.00  0.00 MC   
   802.3059  2.666e+06  68.00 ErI       19563.116   5.0    32023.763   5.0   0.00  0.00  0.00 MC   
   803.5938  4.128e+06  68.00 ErI       19125.253   7.0    31565.930   7.0   0.00  0.00  0.00 MC   
   818.1838  1.571e+05  68.00 ErI        7696.956   7.0    19915.789   7.0   0.00  0.00  0.00 MC   
   831.2814  3.890e+05  68.00 ErI        7696.956   7.0    19723.271   8.0   0.00  0.00  0.00 MC   
   840.9885  1.539e+04  68.00 ErI           0.000   6.0    11887.503   7.0   0.00  0.00  0.00 MC 
   847.2408  1.076e+04  68.00 ErI           0.000   6.0    11799.778   6.0   0.00  0.00  0.00 MC  
   876.8601  6.377e+03  68.00 ErI           0.000   6.0    11401.197   5.0   0.00  0.00  0.00 MC  